---
startPose:
  x: 24.0
  y: 40.0
  heading: 4.71238898038469
startTangent: 0.0
waypoints:
- position:
    x: 52.0
    y: 36.0
  heading: 3.141592653589793
  tangent: 0.0
  interpolationType: "LINEAR"
resolution: 0.25
version: 1
