---
startPose:
  x: 38.0
  y: 28.0
  heading: 3.141592653589793
startTangent: 0.6981317007977318
waypoints:
- position:
    x: 52.5
    y: 40.0
  heading: 3.141592653589793
  tangent: 0.0
  interpolationType: "LINEAR"
resolution: 0.25
version: 1
