---
startPose:
  x: 18.0
  y: 61.5
  heading: 1.5707963267948966
startTangent: -1.5707963267948966
waypoints:
- position:
    x: 18.0
    y: 24.0
  heading: 3.141592653589793
  tangent: -1.5707963267948966
  interpolationType: "SPLINE"
resolution: 0.25
version: 1
