---
startPose:
  x: 18.0
  y: 61.5
  heading: 1.5707963267948966
startTangent: 4.71238898038469
waypoints:
- position:
    x: 12.0
    y: 36.0
  heading: 3.141592653589793
  tangent: 3.141592653589793
  interpolationType: "LINEAR"
resolution: 0.25
version: 1
