---
startPose:
  x: -48.0
  y: -32.0
  heading: 4.71238898038469
startTangent: -2.6179938779914944
waypoints:
- position:
    x: -57.0
    y: -36.0
  heading: -3.141592653589793
  tangent: -2.6179938779914944
  interpolationType: "LINEAR"
resolution: 0.25
version: 1
