---
startPose:
  x: -42.0
  y: 60.13
  heading: -4.71238898038469
startTangent: 4.537856055185257
waypoints:
- position:
    x: -48.0
    y: 32.0
  heading: -4.71238898038469
  tangent: 4.537856055185257
  interpolationType: "LINEAR"
resolution: 1.0
version: 1
