---
startPose:
  x: -42.0
  y: 60.13
  heading: -4.71238898038469
startTangent: 5.235987755982989
waypoints:
- position:
    x: -31.0
    y: 32.0
  heading: 2.356194490192345
  tangent: 5.235987755982989
  interpolationType: "LINEAR"
resolution: 0.25
version: 1
