---
startPose:
  x: -30.0
  y: 31.0
  heading: 2.356194490192345
startTangent: 3.141592653589793
waypoints:
- position:
    x: -57.0
    y: 36.0
  heading: -3.141592653589793
  tangent: 3.141592653589793
  interpolationType: "LINEAR"
resolution: 0.25
version: 1
