---
startPose:
  x: -36.0
  y: 29.0
  heading: -4.71238898038469
startTangent: 2.0943951023931953
waypoints:
- position:
    x: -57.0
    y: 36.0
  heading: 3.141592653589793
  tangent: 3.141592653589793
  interpolationType: "SPLINE"
resolution: 0.25
version: 1
