---
startPose:
  x: 18.0
  y: -62.0
  heading: -4.71238898038469
startTangent: -5.061454830783556
waypoints:
- position:
    x: 12.0
    y: -28.0
  heading: -3.141592653589793
  tangent: -3.6651914291880923
  interpolationType: "LINEAR"
resolution: 1.0
version: 1
