---
startPose:
  x: 18.0
  y: -62.0
  heading: -4.71238898038469
startTangent: 1.2566370614359172
waypoints:
- position:
    x: 24.0
    y: -40.0
  heading: 0.0
  tangent: 1.2217304763960306
  interpolationType: "CONSTANT"
resolution: 0.25
version: 1
